2(0)          ->  [2942(3), 8303(3)]

7(0)          ->  [4630(12)]

8(0)          ->  [3154(9)]

17(0)         ->  [1563(4)]
              ->  1563(4)        ->  [642(8)]

22(0)         ->  [5619(4)]

25(0)         ->  [1727(9), 4168(7)]

26(0)         ->  [3828(18)]
              ->  3828(18)       ->  [7086(31), 9425(31)]

32(0)         ->  [9037(13)]
              ->  9037(13)       ->  [2920(19)]

53(0)         ->  [4256(14)]
              ->  4256(14)       ->  [421(24)]

59(0)         ->  [403(15)]
              ->  403(15)        ->  [520(20)]

65(0)         ->  [8052(9), 9463(10)]

66(0)         ->  [8629(11)]

74(0)         ->  [8919(13)]
              ->  8919(13)       ->  [6640(14)]

75(0)         ->  [5283(4), 9604(4)]
              ->  9604(4)        ->  [8202(5)]

77(0)         ->  [9662(5), 6711(9)]

78(0)         ->  [1707(2), 3954(1)]
              ->  1707(2)        ->  [5638(23), 3338(24)]

86(0)         ->  [105(2), 1757(5), 9172(10)]
              ->  105(2)         ->  [1318(4), 2227(5), 3199(5)]
                         ->  1318(4)        ->  [882(8)]

90(0)         ->  [200(15)]

91(0)         ->  [3724(5)]
              ->  3724(5)        ->  [966(8)]
                         ->  966(8)         ->  [8613(12), 3000(12)]

92(0)         ->  [9799(1)]

99(0)         ->  [9879(17), 6103(11)]
              ->  9879(17)       ->  [2167(24)]

123(0)        ->  [8825(11)]

126(0)        ->  [2826(4)]

145(0)        ->  [850(18)]

170(0)        ->  [6032(15)]

251(0)        ->  [8327(6)]

252(0)        ->  [2374(14)]

262(0)        ->  [2288(15), 4535(4)]
              ->  4535(4)        ->  [2573(11), 6676(9)]

274(0)        ->  [7867(9)]

306(0)        ->  [7777(3)]

314(0)        ->  [9061(10)]

332(0)        ->  [4862(6)]

383(0)        ->  [7464(4)]
              ->  7464(4)        ->  [6330(14)]

407(0)        ->  [3523(2)]
              ->  3523(2)        ->  [3830(8)]

425(0)        ->  [461(6)]

464(0)        ->  [0(2), 9099(2), 6889(8)]

633(0)        ->  [9128(9), 7653(6)]

675(0)        ->  [4007(17)]

739(0)        ->  [8614(14)]

744(0)        ->  [9127(4)]

782(0)        ->  [3719(10)]

792(0)        ->  [4781(1)]

893(0)        ->  [2812(12)]

896(0)        ->  [5066(8)]
              ->  5066(8)        ->  [8585(22)]
                         ->  8585(22)       ->  [7019(23)]

897(0)        ->  [4466(4)]

1000(0)       ->  [8672(6)]

1009(0)       ->  [1321(10), 7960(7)]
              ->  7960(7)        ->  [7693(17)]

1031(0)       ->  [3716(11)]

1035(0)       ->  [4294(3)]
              ->  4294(3)        ->  [233(8)]

1110(0)       ->  [5701(5)]

1129(0)       ->  [6806(6)]

1152(0)       ->  [7491(4)]

1191(0)       ->  [4769(14)]

1192(0)       ->  [1490(6)]

1213(0)       ->  [3317(12)]

1216(0)       ->  [756(6)]

1234(0)       ->  [9259(12)]
              ->  9259(12)       ->  [5979(23)]
                         ->  5979(23)       ->  [8693(42), 4149(31)]
                                    ->  8693(42)       ->  [6664(53), 356(50)]

1260(0)       ->  [1627(7)]

1269(0)       ->  [7012(4)]

1337(0)       ->  [2253(10)]

1354(0)       ->  [347(11)]

1359(0)       ->  [6360(5)]

1395(0)       ->  [9556(4)]

1407(0)       ->  [1374(11), 1680(8)]

1496(0)       ->  [6920(3)]
              ->  6920(3)        ->  [5067(15)]

1500(0)       ->  [4051(11), 4224(11), 6457(14)]

1551(0)       ->  [8663(8), 497(8), 4407(11)]
              ->  4407(11)       ->  [5098(18)]

1553(0)       ->  [6095(3)]

1576(0)       ->  [1710(13)]
              ->  1710(13)       ->  [6163(17), 6030(17)]

1608(0)       ->  [8728(19), 7062(23), 2763(21)]
              ->  8728(19)       ->  [8405(23)]
              ->  7062(23)       ->  [9325(29)]
              ->  2763(21)       ->  [1886(43)]
                         ->  1886(43)       ->  [8803(50)]

1623(0)       ->  [973(5)]
              ->  973(5)         ->  [5147(15)]

1644(0)       ->  [2875(13)]
              ->  2875(13)       ->  [462(23)]

1682(0)       ->  [2867(7)]

1697(0)       ->  [158(7)]

1701(0)       ->  [9672(7), 13(7)]
              ->  9672(7)        ->  [5652(18)]
                         ->  5652(18)       ->  [1399(27)]
                                    ->  1399(27)       ->  [8317(50), 1634(42)]

1735(0)       ->  [2735(8), 4965(11)]
              ->  4965(11)       ->  [5789(33), 3010(34), 3635(35)]

1782(0)       ->  [8108(4)]
              ->  8108(4)        ->  [6029(12)]
                         ->  6029(12)       ->  [2935(14)]
                                    ->  2935(14)       ->  [107(16)]

1852(0)       ->  [5162(5)]

1857(0)       ->  [9356(2), 9661(5)]

1872(0)       ->  [2452(4)]

1942(0)       ->  [541(11)]

1992(0)       ->  [3328(4)]

1998(0)       ->  [7508(7)]
              ->  7508(7)        ->  [4622(13)]

2098(0)       ->  [7909(5)]

2104(0)       ->  [2697(14)]

2244(0)       ->  [4110(10)]
              ->  4110(10)       ->  [478(21), 2874(11)]

2259(0)       ->  [3756(4)]

2271(0)       ->  [2612(10), 3446(10)]

2360(0)       ->  [4825(13), 8388(9)]

2441(0)       ->  [9381(5), 6631(5)]
              ->  6631(5)        ->  [7067(14)]

2449(0)       ->  [4299(10)]
              ->  4299(10)       ->  [6769(20)]

2458(0)       ->  [7729(13)]

2465(0)       ->  [1800(17)]

2475(0)       ->  [8801(15), 4088(18)]
              ->  4088(18)       ->  [8250(25)]

2577(0)       ->  [3741(4)]

2591(0)       ->  [417(6)]

2618(0)       ->  [3428(23)]

2654(0)       ->  [5102(12)]

2667(0)       ->  [9682(12), 2144(14)]

2682(0)       ->  [2190(16)]

2686(0)       ->  [6021(3)]

2704(0)       ->  [5448(6)]

2711(0)       ->  [2709(5)]
              ->  2709(5)        ->  [8340(15)]

2734(0)       ->  [9690(3)]

2906(0)       ->  [5388(9), 6732(5)]

2940(0)       ->  [3544(2)]

2956(0)       ->  [1473(8)]
              ->  1473(8)        ->  [3295(10)]

3019(0)       ->  [7790(13), 1297(7), 6171(8)]
              ->  1297(7)        ->  [1241(11)]

3024(0)       ->  [9003(7)]

3030(0)       ->  [3988(13)]

3133(0)       ->  [4599(5)]
              ->  4599(5)        ->  [7669(12)]

3173(0)       ->  [6590(9)]

3198(0)       ->  [326(9)]

3282(0)       ->  [1200(3)]
              ->  1200(3)        ->  [6520(7)]

3283(0)       ->  [9537(4)]
              ->  9537(4)        ->  [9865(10)]

3415(0)       ->  [4640(3), 6792(8)]

3453(0)       ->  [3176(12)]

3465(0)       ->  [4837(12)]
              ->  4837(12)       ->  [2984(21)]

3500(0)       ->  [4250(16), 6780(18)]

3560(0)       ->  [3841(5)]

3596(0)       ->  [4511(4), 7477(5), 9113(16), 1290(13)]
              ->  7477(5)        ->  [4083(9)]
              ->  9113(16)       ->  [1368(18)]
                         ->  1368(18)       ->  [6255(28)]

3606(0)       ->  [5937(11), 199(8), 2833(6)]

3692(0)       ->  [7822(3)]
              ->  7822(3)        ->  [6627(7)]
                         ->  6627(7)        ->  [153(10)]
                                    ->  153(10)        ->  [3737(15)]

3705(0)       ->  [5662(9)]

3712(0)       ->  [7427(5)]
              ->  7427(5)        ->  [9242(9)]

3736(0)       ->  [8719(2)]
              ->  8719(2)        ->  [1004(10)]
                         ->  1004(10)       ->  [3880(26)]

3745(0)       ->  [5447(5)]
              ->  5447(5)        ->  [1921(16)]

3768(0)       ->  [1630(1)]

3810(0)       ->  [8988(15), 8820(11)]
              ->  8988(15)       ->  [3233(20), 3320(17)]

3871(0)       ->  [5208(5)]

3932(0)       ->  [8076(14)]

3939(0)       ->  [6926(6)]

3951(0)       ->  [3802(12), 7881(17)]
              ->  3802(12)       ->  [9353(19)]

3952(0)       ->  [6212(3)]
              ->  6212(3)        ->  [7214(20)]

3957(0)       ->  [812(2), 965(10)]

3987(0)       ->  [4367(10)]

4046(0)       ->  [5334(16), 1716(5), 386(14), 9333(21)]
              ->  5334(16)       ->  [3717(26)]
              ->  9333(21)       ->  [5083(26)]

4059(0)       ->  [4272(7)]

4061(0)       ->  [5499(14), 5556(14)]
              ->  5556(14)       ->  [4789(17)]

4140(0)       ->  [8829(17)]

4266(0)       ->  [128(11)]

4311(0)       ->  [8081(2), 9842(12)]
              ->  8081(2)        ->  [8680(12)]
                         ->  8680(12)       ->  [2886(14)]
              ->  9842(12)       ->  [8183(31)]
                         ->  8183(31)       ->  [6617(36), 8402(54)]
                                    ->  6617(36)       ->  [3020(47)]

4332(0)       ->  [3002(2)]

4347(0)       ->  [2365(2)]

4366(0)       ->  [2846(8)]

4387(0)       ->  [9628(8)]
              ->  9628(8)        ->  [3862(24)]

4408(0)       ->  [4782(12)]

4419(0)       ->  [4047(6), 9746(7)]

4482(0)       ->  [4222(4), 8946(16)]

4533(0)       ->  [4856(15), 8438(7), 974(9), 4869(8)]

4553(0)       ->  [2523(1)]

4568(0)       ->  [7134(10)]
              ->  7134(10)       ->  [8658(12)]

4569(0)       ->  [8511(9)]

4576(0)       ->  [915(10)]
              ->  915(10)        ->  [6674(15)]
                         ->  6674(15)       ->  [3864(20)]

4600(0)       ->  [3855(13)]

4618(0)       ->  [533(6), 3202(5)]

4620(0)       ->  [7075(3), 4316(3)]

4635(0)       ->  [4757(5)]

4664(0)       ->  [4114(11)]

4698(0)       ->  [7529(2)]
              ->  7529(2)        ->  [8952(4)]

4735(0)       ->  [8837(10), 2743(8)]

4812(0)       ->  [9374(4), 6698(1)]
              ->  6698(1)        ->  [8103(3), 6309(6)]
                         ->  8103(3)        ->  [6695(4)]
                         ->  6309(6)        ->  [3859(16), 5872(19), 8168(13)]
                                    ->  5872(19)       ->  [1870(35)]
                                               ->  1870(35)       ->  [4993(36)]
                                                          ->  4993(36)       ->  [8696(39)]

4890(0)       ->  [2899(6)]
              ->  2899(6)        ->  [6962(18), 5683(11), 3918(10)]

4908(0)       ->  [8270(6), 7151(6)]
              ->  7151(6)        ->  [9273(9)]
                         ->  9273(9)        ->  [566(12)]

4927(0)       ->  [9499(7)]

4964(0)       ->  [8989(5)]

5007(0)       ->  [9593(13)]

5021(0)       ->  [671(22)]

5041(0)       ->  [4386(3)]

5051(0)       ->  [8491(10)]
              ->  8491(10)       ->  [6040(12)]

5055(0)       ->  [7051(14)]

5087(0)       ->  [8699(8), 5688(13)]
              ->  8699(8)        ->  [8741(13)]

5179(0)       ->  [2461(9)]
              ->  2461(9)        ->  [8160(12)]

5185(0)       ->  [1062(8)]

5229(0)       ->  [3405(8)]

5326(0)       ->  [6717(2)]

5400(0)       ->  [7221(4)]
              ->  7221(4)        ->  [3887(8), 3543(5)]
                         ->  3543(5)        ->  [7248(7), 9120(12)]
                                    ->  7248(7)        ->  [6530(10), 1859(15)]
                                    ->  9120(12)       ->  [1522(16), 4820(16)]

5449(0)       ->  [9930(4), 734(12)]

5468(0)       ->  [1335(11)]

5506(0)       ->  [1858(3)]

5507(0)       ->  [7850(16)]
              ->  7850(16)       ->  [3935(21)]

5569(0)       ->  [8205(10)]

5578(0)       ->  [9656(14)]
              ->  9656(14)       ->  [7825(21)]

5629(0)       ->  [470(14)]
              ->  470(14)        ->  [6563(17)]

5634(0)       ->  [2009(4)]

5678(0)       ->  [4791(14)]

5722(0)       ->  [2503(12)]

5736(0)       ->  [5243(11)]

5758(0)       ->  [7726(10), 2224(15)]

5761(0)       ->  [686(9), 9893(5)]
              ->  9893(5)        ->  [4143(12)]

5762(0)       ->  [2241(11)]

5770(0)       ->  [8525(7)]

5771(0)       ->  [2276(14)]
              ->  2276(14)       ->  [3425(22)]

5839(0)       ->  [2798(7)]
              ->  2798(7)        ->  [3008(18)]
                         ->  3008(18)       ->  [9822(23)]
                                    ->  9822(23)       ->  [8357(40)]
                                               ->  8357(40)       ->  [3877(44)]
                                                          ->  3877(44)       ->  [8337(52)]
                                                                     ->  8337(52)       ->  [7587(61)]

5880(0)       ->  [3775(14), 1412(15)]

5901(0)       ->  [960(19)]

5902(0)       ->  [4433(13)]

5923(0)       ->  [9622(7)]

5924(0)       ->  [4139(6), 1403(3)]
              ->  1403(3)        ->  [4393(19)]
                         ->  4393(19)       ->  [395(26), 3387(27)]
                                    ->  395(26)        ->  [706(37)]

5933(0)       ->  [6653(4)]
              ->  6653(4)        ->  [7621(12)]

5999(0)       ->  [6456(6), 8552(9)]

6002(0)       ->  [569(4)]

6067(0)       ->  [8116(4)]

6117(0)       ->  [6809(1)]

6125(0)       ->  [4057(7)]

6196(0)       ->  [6802(9)]

6203(0)       ->  [6045(7)]

6219(0)       ->  [7965(9), 8263(8)]

6340(0)       ->  [9339(3)]

6355(0)       ->  [1273(3)]
              ->  1273(3)        ->  [7392(8), 4559(12)]
                         ->  4559(12)       ->  [7957(34), 1028(34)]

6370(0)       ->  [106(3), 3195(12), 4368(11)]

6389(0)       ->  [1360(4)]
              ->  1360(4)        ->  [5794(10)]

6403(0)       ->  [3473(10)]

6423(0)       ->  [5866(12)]

6505(0)       ->  [9287(6)]

6517(0)       ->  [990(9)]

6553(0)       ->  [5340(13)]

6585(0)       ->  [4693(1)]
              ->  4693(1)        ->  [4033(4), 8743(3)]

6588(0)       ->  [2599(21), 4081(11), 5686(9)]
              ->  2599(21)       ->  [9236(44)]

6608(0)       ->  [3514(11)]

6672(0)       ->  [3661(3), 7111(3)]

6684(0)       ->  [253(18)]

6686(0)       ->  [5850(8)]

6745(0)       ->  [2914(4), 336(6), 7335(12)]
              ->  2914(4)        ->  [8325(12), 8981(11)]
                         ->  8981(11)       ->  [7133(15)]

6837(0)       ->  [8342(8)]
              ->  8342(8)        ->  [6940(16)]

6887(0)       ->  [1515(5)]

6895(0)       ->  [3942(7), 6078(3)]

6928(0)       ->  [1158(13)]
              ->  1158(13)       ->  [2058(15)]

6939(0)       ->  [7814(9), 5191(5)]

6988(0)       ->  [1982(4), 8679(17)]
              ->  8679(17)       ->  [1413(24)]
                         ->  1413(24)       ->  [6205(40), 1143(40), 6044(42)]

6991(0)       ->  [1729(7), 920(7), 8883(5)]

7010(0)       ->  [4187(11), 168(24)]
              ->  168(24)        ->  [9074(31)]
                         ->  9074(31)       ->  [9992(39)]

7032(0)       ->  [8778(9), 1940(4)]

7036(0)       ->  [9247(3)]
              ->  9247(3)        ->  [7652(23), 6390(16), 7017(24), 7709(26)]

7093(0)       ->  [8960(3)]

7097(0)       ->  [9245(2), 1512(3)]
              ->  9245(2)        ->  [6275(13)]

7148(0)       ->  [4723(5)]

7174(0)       ->  [9256(7)]

7182(0)       ->  [7343(3)]
              ->  7343(3)        ->  [1238(5)]

7204(0)       ->  [6884(6)]
              ->  6884(6)        ->  [6907(13), 4277(18), 2848(13)]

7213(0)       ->  [7349(6)]

7233(0)       ->  [1846(15)]

7254(0)       ->  [8300(6)]

7261(0)       ->  [6990(18)]

7264(0)       ->  [8197(8), 1276(7)]

7357(0)       ->  [5833(13)]

7387(0)       ->  [5938(21)]

7390(0)       ->  [9429(6)]
              ->  9429(6)        ->  [2993(12)]

7422(0)       ->  [6243(5)]
              ->  6243(5)        ->  [2324(8)]
                         ->  2324(8)        ->  [1564(10)]

7434(0)       ->  [3961(4)]
              ->  3961(4)        ->  [2897(9)]
                         ->  2897(9)        ->  [836(15)]

7436(0)       ->  [3334(3)]
              ->  3334(3)        ->  [9040(12)]

7452(0)       ->  [3664(5)]
              ->  3664(5)        ->  [3634(9), 8746(12), 6235(9)]
                         ->  6235(9)        ->  [9679(19)]

7480(0)       ->  [6551(13)]
              ->  6551(13)       ->  [2366(19)]

7505(0)       ->  [6605(12)]
              ->  6605(12)       ->  [7714(21)]

7518(0)       ->  [70(9)]
              ->  70(9)          ->  [6057(16)]

7531(0)       ->  [4561(10)]

7552(0)       ->  [946(6)]

7611(0)       ->  [8174(8)]

7641(0)       ->  [1492(8)]
              ->  1492(8)        ->  [6371(15)]

7647(0)       ->  [8326(2)]

7730(0)       ->  [6583(8)]
              ->  6583(8)        ->  [8727(12)]

7748(0)       ->  [7395(4)]

7768(0)       ->  [9132(7)]
              ->  9132(7)        ->  [3067(12)]
                         ->  3067(12)       ->  [5656(16)]

7780(0)       ->  [565(7)]

7877(0)       ->  [9635(9)]

7902(0)       ->  [4053(2)]

7969(0)       ->  [5943(5)]
              ->  5943(5)        ->  [12(9), 6083(10)]

7981(0)       ->  [4179(12)]
              ->  4179(12)       ->  [6056(16)]

7988(0)       ->  [5505(7)]

8019(0)       ->  [2502(9)]

8020(0)       ->  [4724(1)]

8079(0)       ->  [2018(10)]

8080(0)       ->  [3813(6)]

8090(0)       ->  [370(3)]

8123(0)       ->  [1084(8)]

8207(0)       ->  [6729(2), 8124(14)]
              ->  8124(14)       ->  [1803(20)]
                         ->  1803(20)       ->  [2879(23)]

8218(0)       ->  [8543(12), 7716(6)]
              ->  7716(6)        ->  [8011(11)]

8249(0)       ->  [8974(10), 6194(12)]

8280(0)       ->  [6947(9), 2195(3)]
              ->  6947(9)        ->  [1651(11), 9068(14)]

8313(0)       ->  [4887(7), 1442(5), 4198(4), 2750(6)]
              ->  4887(7)        ->  [7999(12)]

8362(0)       ->  [7719(5)]

8429(0)       ->  [552(7)]

8469(0)       ->  [7813(7)]
              ->  7813(7)        ->  [2603(9)]
                         ->  2603(9)        ->  [3539(12)]

8502(0)       ->  [6445(2), 8284(3)]
              ->  6445(2)        ->  [9084(4)]

8510(0)       ->  [5886(11)]

8531(0)       ->  [1813(5)]

8621(0)       ->  [5689(6)]

8653(0)       ->  [393(3)]

8685(0)       ->  [3223(11), 9580(16)]

8708(0)       ->  [4205(10)]

8749(0)       ->  [5304(5)]

8814(0)       ->  [9072(2)]

8819(0)       ->  [9453(10)]

8839(0)       ->  [537(5)]

8848(0)       ->  [6082(12)]

8849(0)       ->  [5491(4)]

8908(0)       ->  [9056(23), 3268(23)]
              ->  9056(23)       ->  [5028(36)]

8909(0)       ->  [3224(14), 8272(11), 3046(7)]
              ->  8272(11)       ->  [9228(14)]
                         ->  9228(14)       ->  [300(23)]

8959(0)       ->  [8596(18), 7573(5)]
              ->  8596(18)       ->  [8487(28)]

9029(0)       ->  [6487(2)]
              ->  6487(2)        ->  [7218(3)]

9049(0)       ->  [4138(12)]

9058(0)       ->  [7539(13)]

9094(0)       ->  [9716(14), 6829(10)]
              ->  9716(14)       ->  [8282(28)]

9104(0)       ->  [1566(9), 6228(2)]

9117(0)       ->  [6999(6)]
              ->  6999(6)        ->  [4113(10), 6663(11)]

9157(0)       ->  [3309(5), 108(15)]

9202(0)       ->  [8740(3)]

9279(0)       ->  [9397(7), 1628(15)]
              ->  9397(7)        ->  [4813(18)]
                         ->  4813(18)       ->  [2605(30)]

9301(0)       ->  [500(6)]

9320(0)       ->  [3733(11)]

9328(0)       ->  [7006(5)]

9375(0)       ->  [4844(10)]

9387(0)       ->  [715(19), 1519(17)]
              ->  715(19)        ->  [5214(20)]
                         ->  5214(20)       ->  [5139(24)]

9436(0)       ->  [4668(4)]

9455(0)       ->  [1262(2)]

9466(0)       ->  [7606(7)]

9533(0)       ->  [8436(10)]

9544(0)       ->  [1060(2)]

9572(0)       ->  [3632(1), 5531(1)]
              ->  5531(1)        ->  [1797(7), 6262(9)]

9577(0)       ->  [7469(25)]
              ->  7469(25)       ->  [6900(36), 4538(38)]

9639(0)       ->  [1270(5)]
              ->  1270(5)        ->  [5244(11)]

9650(0)       ->  [1640(12)]
              ->  1640(12)       ->  [8143(25)]

9653(0)       ->  [1876(14), 6001(24), 3131(18)]
              ->  1876(14)       ->  [2527(18)]

9695(0)       ->  [6116(5)]

9840(0)       ->  [5406(3)]

9979(0)       ->  [6639(6), 4317(6)]
              ->  4317(6)        ->  [89(13)]

2117(1)       ->  [3178(21)]
              ->  3178(21)       ->  [420(28)]

2116(1)       ->  [7033(18), 4411(13)]
              ->  4411(13)       ->  [2134(19)]
                         ->  2134(19)       ->  [9446(24)]
                                    ->  9446(24)       ->  [4702(34), 5720(33)]

1130(2)       ->  [3829(7)]

260(3)        ->  [2804(15), 4960(12)]
              ->  2804(15)       ->  [9531(21)]

1361(3)       ->  [6519(8), 8467(4)]
              ->  8467(4)        ->  [3280(11)]

3220(5)       ->  [4344(19), 6864(22), 8173(21)]

7131(5)       ->  [7420(17)]
              ->  7420(17)       ->  [9235(37), 791(37), 4194(36)]
                         ->  791(37)        ->  [4572(48), 5481(51)]

7317(5)       ->  [6197(13)]

4659(6)       ->  [1585(19)]

5157(6)       ->  [5676(21)]

4624(6)       ->  [8942(19)]
              ->  8942(19)       ->  [1422(51)]

3720(7)       ->  [1863(19)]
              ->  1863(19)       ->  [9319(27), 9076(21)]
                         ->  9076(21)       ->  [3285(30)]

2157(7)       ->  [1506(15)]
              ->  1506(15)       ->  [6705(26)]
                         ->  6705(26)       ->  [9503(30)]

1839(9)       ->  [6022(11)]

1323(10)      ->  [2444(21), 1159(20)]
              ->  1159(20)       ->  [1714(22)]

9347(10)      ->  [7351(16)]

5371(10)      ->  [590(24)]

796(12)       ->  [8709(17)]

6431(13)      ->  [9494(19), 8336(18)]

1763(15)      ->  [9785(31)]

8027(15)      ->  [4828(37)]

2532(16)      ->  [6025(19)]

3555(16)      ->  [2974(30)]

5232(17)      ->  [6833(20)]

4557(17)      ->  [494(28)]

4804(18)      ->  [335(41), 4215(33), 3867(45)]
              ->  3867(45)       ->  [8867(50), 8420(56), 2908(58)]
                         ->  8867(50)       ->  [6869(67)]
                                    ->  6869(67)       ->  [6364(85), 573(74)]

5502(18)      ->  [4146(24)]

4221(20)      ->  [5486(31)]

6156(24)      ->  [3726(25)]

2642(25)      ->  [2742(42)]
              ->  2742(42)       ->  [2907(55), 408(46)]
                         ->  2907(55)       ->  [7196(61), 4425(66), 328(60)]
                                    ->  7196(61)       ->  [9843(69), 4443(64), 8910(67)]
                                               ->  9843(69)       ->  [9889(83), 783(81)]

7458(25)      ->  [4034(32)]

1649(26)      ->  [3895(31)]

5690(27)      ->  [6320(38), 4616(35)]

6744(28)      ->  [9989(31)]
              ->  9989(31)       ->  [9999(43)]

1967(28)      ->  [14(34)]

1890(28)      ->  [9405(36)]

1357(29)      ->  [630(46)]

8094(29)      ->  [2307(34)]
              ->  2307(34)       ->  [7405(47), 5716(35), 1410(37), 6050(48)]
                         ->  5716(35)       ->  [8891(41)]
                         ->  1410(37)       ->  [969(46), 7216(46)]
                                    ->  969(46)        ->  [8163(51), 1468(50)]
                         ->  6050(48)       ->  [2543(64)]

5037(29)      ->  [6478(42)]

9282(31)      ->  [7955(32)]

1168(32)      ->  [5820(47), 2395(55)]
              ->  5820(47)       ->  [438(51), 9612(50)]
                         ->  438(51)        ->  [3571(60)]
              ->  2395(55)       ->  [9685(61), 5181(60)]
                         ->  9685(61)       ->  [3759(64)]
                                    ->  3759(64)       ->  [5488(77)]

9234(33)      ->  [5335(40)]
              ->  5335(40)       ->  [5663(48)]
                         ->  5663(48)       ->  [7255(53)]

7862(37)      ->  [944(53)]
              ->  944(53)        ->  [9080(56)]
                         ->  9080(56)       ->  [3251(61)]

6399(37)      ->  [1057(42)]

7635(39)      ->  [8148(43), 9607(52)]
              ->  9607(52)       ->  [9647(60)]
                         ->  9647(60)       ->  [1179(69)]

2624(41)      ->  [8665(48)]

2289(41)      ->  [6600(51), 7007(50)]

7792(43)      ->  [2075(46)]

9448(44)      ->  [474(48)]

9004(44)      ->  [9520(56)]

1811(44)      ->  [435(48)]

5424(46)      ->  [9522(50)]

1282(47)      ->  [5422(55)]
              ->  5422(55)       ->  [215(59)]

3437(47)      ->  [4694(54)]
              ->  4694(54)       ->  [8760(55)]

6133(49)      ->  [5608(56)]

1749(49)      ->  [7954(64)]

1760(49)      ->  [1580(56)]

4341(50)      ->  [9257(69)]

4564(51)      ->  [4439(65)]

4522(51)      ->  [7922(56)]

6518(51)      ->  [7992(61), 8424(61)]
              ->  8424(61)       ->  [3492(67)]

700(53)       ->  [6956(60)]

2944(55)      ->  [4613(72), 3164(68)]

880(55)       ->  [3147(64), 3105(59)]
              ->  3147(64)       ->  [1503(69)]

2015(55)      ->  [8805(72)]

1431(56)      ->  [2529(68)]

9724(57)      ->  [5728(64)]
              ->  5728(64)       ->  [3288(81)]

3851(57)      ->  [7755(68)]

3316(57)      ->  [6867(72)]

3372(59)      ->  [5756(67)]

8934(60)      ->  [9737(66)]

6524(60)      ->  [1650(63)]

9542(60)      ->  [7991(65)]

6410(60)      ->  [9338(71)]

2338(60)      ->  [8903(62)]

8794(61)      ->  [9880(72), 2648(73)]

8885(61)      ->  [2707(69), 5097(67)]

8646(62)      ->  [2990(76)]
              ->  2990(76)       ->  [2575(86)]

1085(63)      ->  [4364(67)]

9419(65)      ->  [7749(79)]

683(65)       ->  [5693(77)]

9469(66)      ->  [4462(75)]
              ->  4462(75)       ->  [8341(88)]

8964(66)      ->  [9092(76)]
              ->  9092(76)       ->  [2438(80)]

5322(68)      ->  [5035(77)]

5522(69)      ->  [6012(77)]

445(69)       ->  [9238(73)]

8463(69)      ->  [8204(73)]
              ->  8204(73)       ->  [929(79)]

4994(70)      ->  [6657(83)]

1054(71)      ->  [3237(81)]

2595(72)      ->  [8155(76), 9829(77)]

5238(72)      ->  [6218(80)]

258(73)       ->  [5799(83)]
              ->  5799(83)       ->  [5431(89)]

9552(73)      ->  [6146(76)]

6523(74)      ->  [2361(75)]

1384(75)      ->  [2786(87), 419(87)]

1190(76)      ->  [1790(83)]
              ->  1790(83)       ->  [1689(88)]

2924(76)      ->  [4101(89), 1740(83), 9928(86)]

396(76)       ->  [9251(84)]

6537(77)      ->  [3461(79), 1058(87)]
              ->  3461(79)       ->  [8522(86)]

7579(80)      ->  [4363(87)]

1556(83)      ->  [4372(87)]

1007(83)      ->  [1902(85), 5542(86)]
              ->  1902(85)       ->  [7082(87)]

